8 16
10 1 2 3 14 9 16 8 7 6 4 5 15 11 13 12
15 9 5 8 12 6 7 11 2 13 16 1 3 14 4 10
12 4 7 11 1 15 13 2 3 8 14 10 6 9 5 16
13 6 16 14 10 5 3 4 11 15 9 12 7 2 8 1
7 12 1 2 3 14 8 15 6 9 13 4 10 5 16 11
8 14 15 16 2 13 11 5 1 10 12 3 4 7 9 6
11 5 4 9 7 12 6 10 15 16 8 2 14 1 3 13
3 10 13 6 9 4 1 16 14 11 5 7 8 12 2 15
6 2 8 4 5 10 9 1 12 14 11 15 13 16 7 3
1 15 11 10 8 3 4 12 13 5 7 16 2 6 14 9
5 16 9 12 15 7 14 13 10 3 2 6 11 8 1 4
14 13 3 7 11 16 2 6 9 4 1 8 12 15 10 5
4 7 14 15 16 1 10 9 8 12 3 11 5 13 6 2
16 11 6 5 13 2 15 7 4 1 10 14 9 3 12 8 
2 8 12 13 4 11 5 3 16 7 6 9 1 10 15 14
9 3 10 1 6 8 12 14 5 2 15 13 16 4 11 7
